menusfile version 1
 15
menu_start_game_0 18374686479671624192 Welcome,_Soldier,_to_Mount_and_Blade_Stories:_Age_of_Napoleon.^Before_beginning_the_game_you_must_create_your_character_and_choose_your_preferred_difficulty. none 105 2055 0 31 2 1 0 2133 2 144115188075857079 0 4 0 2147483679 2 144115188075857080 1 2133 2 144115188075857080 1 2133 2 144115188075857081 0 2133 2 144115188075857082 0 2133 2 144115188075857083 0 2133 2 144115188075857084 0 2133 2 144115188075857085 0 500 3 360287970189639686 5 3000 500 3 360287970189639687 5 3000 500 3 360287970189639688 5 3000 500 3 360287970189639689 5 5000 500 3 360287970189639691 5 3000 500 3 360287970189639693 5 5000 500 3 360287970189639698 5 3000 500 3 360287970189639699 5 3000 500 3 360287970189639700 5 3000 500 3 360287970189639702 5 3000 500 3 360287970189639701 5 5000 500 3 360287970189639703 5 5000 500 3 360287970189639704 5 5000 500 3 360287970189639705 5 5000 500 3 360287970189639706 5 5000 500 3 360287970189639707 5 5000 500 3 360287970189639711 5 3000 500 3 360287970189639713 5 3000 500 3 360287970189639715 5 5000 500 3 360287970189639716 5 3000 500 3 360287970189639717 5 5000 500 3 360287970189639719 5 4000 500 3 360287970189639724 5 2000 500 3 360287970189639725 5 3000 500 3 360287970189639726 5 4000 500 3 360287970189639727 5 5000 500 3 360287970189639728 5 3000 500 3 360287970189639729 5 5000 500 3 360287970189639731 5 5000 500 3 360287970189639732 5 5000 500 3 360287970189639733 5 5000 6 3 1224979098644774912 0 20 500 3 360287970189640041 1224979098644774912 0 3 0 6 3 1224979098644774912 20 40 500 3 360287970189640041 1224979098644774912 20 3 0 6 3 1224979098644774912 40 60 500 3 360287970189640041 1224979098644774912 0 3 0 6 3 1224979098644774912 60 80 500 3 360287970189640041 1224979098644774912 0 3 0 6 3 1224979098644774912 80 100 500 3 360287970189640041 1224979098644774912 0 3 0 6 3 1224979098644774912 100 120 500 3 360287970189640041 1224979098644774912 0 3 0 502 3 432345564227567622 1 1441151880758558862 502 3 432345564227567623 1 1441151880758558858 502 3 432345564227567624 1 1441151880758558859 502 3 432345564227567626 1 1441151880758558857 502 3 432345564227567627 1 1441151880758558860 1505 2 360287970189639680 0 2133 2 144115188075856162 0 1107 1 0 1530 2 360287970189639680 288230376151712314 1530 2 360287970189639680 288230376151711997 1530 2 360287970189639680 288230376151712427 4 0 31 2 1 1 1530 3 360287970189639680 288230376151711983 0 1530 3 360287970189639680 288230376151711983 0 1530 2 360287970189639680 288230376151711825 1530 2 360287970189639680 288230376151711909 1530 2 360287970189639680 288230376151711836 5 0 1530 2 360287970189639680 288230376151711786 1530 2 360287970189639680 288230376151711905 1530 2 360287970189639680 288230376151711840 3 0 2133 2 144115188075856169 360287970189639680 1521 3 144115188075856169 25 2 1521 3 144115188075856169 24 3 1521 3 144115188075856169 35 1 1521 3 144115188075856169 27 4 1521 3 144115188075856169 36 7 2133 2 144115188075857086 0 2133 2 144115188075857087 0 2133 2 1224979098644774913 0 2133 2 1224979098644774914 1000 6 3 1224979098644774915 0 1224979098644774914 2136 3 1224979098644774916 360287970189640055 360287970189640085 2147484188 3 1224979098644774916 2 5 500 3 1224979098644774916 2 5 2105 2 1224979098644774913 1 31 2 1224979098644774913 10 2133 2 1224979098644774914 0 31 2 1224979098644774915 1224979098644774915 3 0 1528 2 360287970189639680 5000 1533 1 360287970189639680 3 0 5
 mno_start_easy  0  Easy  7 261 1 0 263 1 0 265 1 2 267 1 2 269 1 0 2133 2 144115188075857088 12 900 1 1513209474796486705  .  mno_start_normal  0  Normal  7 261 1 1 263 1 1 265 1 0 267 1 1 269 1 2 2133 2 144115188075857088 10 900 1 1513209474796486705  .  mno_start_hard  0  Hard  7 261 1 2 263 1 2 265 1 0 267 1 0 269 1 4 2133 2 144115188075857088 8 900 1 1513209474796486705  .  mno_go_back  0  Go_back  1 2055 0  .  mno_debug  0  Debug  2 2133 2 144115188075856162 0 2060 1 864691128455135241  . 
menu_start_phase_2 512 Start_Phase_2 none 0 1
 mno_map  0  Map  1 2052 0  . 
menu_start_game_3 512 Start_Game_3 none 2 2055 0 31 2 1 0 0

menu_tutorial 512 Good_Afternoon,_Sir._Beautiful_weather_today,_sir._Would_you_care_for_a_cup_of_tea? none 8 4 0 31 2 144115188075856917 1 2055 0 5 0 1304 1 864691128455135235 2133 2 144115188075856917 1 600 1 1152921504606847419 3 0 2
 mno_continue  0  Yes,_please.  24 609 1 1 1261 1 720575940379279375 1262 1 0 47 1 360287970189639680 2133 2 144115188075856169 360287970189639680 1520 3 144115188075856169 0 14 1520 3 144115188075856169 1 14 1521 3 144115188075856169 25 3 1521 3 144115188075856169 24 6 1521 3 144115188075856169 35 3 1521 3 144115188075856169 27 4 1521 3 144115188075856169 36 3 1523 3 144115188075856169 0 80 1523 3 144115188075856169 2 130 1523 3 144115188075856169 4 150 1532 1 144115188075856169 1530 3 144115188075856169 288230376151712045 0 1530 3 144115188075856169 288230376151712427 0 1530 3 144115188075856169 288230376151712374 0 1533 1 144115188075856169 1263 2 0 360287970189639680 1911 1 792633534417207298 1910 1 720575940379279375 2048 0  .  mno_go_back_dot  0  No,_thanks.  2 609 1 1 2055 0  . 
menu_reports 0 Reports none 0 1
 mno_resume_travelling  0  Resume_travelling.  1 2040 0  . 
menu_camp 4096 Camp none 0 2
 mno_camp_wait_here  0  Rest.  2 1031 3 8760 5 1 2040 0  .  mno_resume_travelling  0  Dismantle_camp.  1 2040 0  . 
menu_custom_battle_scene 18374686479671624192 (NO_TRANS) none 0 5
 mno_quick_battle_scene_1  0  {!}quick_battle_scene_1  2 1910 1 720575940379279509 2048 0  .  mno_quick_battle_scene_2  0  {!}quick_battle_scene_2  2 1910 1 720575940379279510 2048 0  .  mno_quick_battle_scene_3  0  {!}quick_battle_scene_3  2 1910 1 720575940379279511 2048 0  .  mno_quick_battle_scene_4  0  {!}quick_battle_scene_4  2 1910 1 720575940379279512 2048 0  .  mno_go_back  0  {!}Go_back  1 2055 0  . 
menu_custom_battle_end 512 The_battle_is_over._{s1}_Your_side_killed_{reg5}_enemies_and_lost_{reg6}_troops_over_the_battle._You_personally_slew_{reg7}_men_in_the_fighting. none 12 603 1 0 2133 2 72057594037927941 144115188075856870 2133 2 72057594037927942 144115188075856869 1701 1 1224979098644774912 1701 2 1224979098644774913 1 2120 3 72057594037927943 1224979098644774912 1224979098644774913 4 0 31 2 144115188075856168 1 2320 2 1 216172782113783831 5 0 2320 2 1 216172782113783832 3 0 1
 mno_continue  0  Continue.  1 2055 0  . 
menu_town_trade 0 You_head_towards_the_camp's_trading_place. none 0 4
 mno_trade_with_arms_merchant  0  Trade_with_the_arms_merchant.  1 2042 1 360287970189640095  .  mno_trade_with_armor_merchant  0  Trade_with_the_tailor.  1 2042 1 360287970189640094  .  mno_trade_with_horse_merchant  0  Trade_with_the_horse_merchant.  1 2042 1 360287970189640096  .  mno_back_to_town_menu  0  Head_back.  1 900 1 1513209474796486706  . 
menu_debug 18374686479671624192 Choose_a_scene none 0 11
 mno_scene1  0  Vienna_Bridge_(sp_vienna)  8 2133 2 144115188075857088 10 1261 1 720575940379279515 1262 1 0 47 1 360287970189639680 1263 2 0 360287970189639680 1911 1 792633534417207310 1910 1 720575940379279515 2048 0  .  mno_scene2  0  Austerlitz_part_1_(sp_sokolniz)  8 2133 2 144115188075857088 10 1261 1 720575940379279516 1262 1 0 47 1 360287970189639680 1263 2 0 360287970189639680 1911 1 792633534417207311 1910 1 720575940379279516 2048 0  .  mno_scene3  0  Austerlitz_part_2_(sp_auster)  7 2133 2 144115188075857088 10 1261 1 720575940379279517 1262 1 0 47 1 360287970189639680 1263 2 0 360287970189639680 1910 1 720575940379279517 2048 0  .  mno_scene4  0  Austerlitz_part_3_(sp_sokolniz2)  7 2133 2 144115188075857088 10 1261 1 720575940379279518 1262 1 0 47 1 360287970189639680 1263 2 0 360287970189639680 1910 1 720575940379279518 2048 0  .  mno_scene5  0  Dresden_part_1_(sp_dresden1)  8 2133 2 144115188075857088 10 1261 1 720575940379279519 1262 1 0 47 1 360287970189639680 1263 2 0 360287970189639680 1911 1 792633534417207313 1910 1 720575940379279519 2048 0  .  mno_scene6  0  Dresden_part_2_(sp_dresden2)  8 2133 2 144115188075857088 10 1261 1 720575940379279520 1262 1 0 47 1 360287970189639680 1263 2 0 360287970189639680 1911 1 792633534417207314 1910 1 720575940379279520 2048 0  .  mno_scene7  0  New_Scene_1_(NON-PLAYABLE)  7 2133 2 144115188075857088 10 1261 1 720575940379279521 1262 1 0 47 1 360287970189639680 1263 2 0 360287970189639680 1910 1 720575940379279521 2048 0  .  mno_scene8  0  New_Scene_2_(NON-PLAYABLE)  7 2133 2 144115188075857088 10 1261 1 720575940379279522 1262 1 0 47 1 360287970189639680 1263 2 0 360287970189639680 1910 1 720575940379279522 2048 0  .  mno_scene9  0  New_Scene_3_(NON-PLAYABLE)  7 2133 2 144115188075857088 10 1261 1 720575940379279523 1262 1 0 47 1 360287970189639680 1263 2 0 360287970189639680 1910 1 720575940379279523 2048 0  .  mno_scene10  0  New_Scene_4_(NON-PLAYABLE)  7 2133 2 144115188075857088 10 1261 1 720575940379279524 1262 1 0 47 1 360287970189639680 1263 2 0 360287970189639680 1910 1 720575940379279524 2048 0  .  mno_go_back  0  Go_back  1 2060 1 864691128455135232  . 
menu_run_mission_dummy 512 debug_screen none 48 4 0 31 2 144115188075857089 1 2133 2 144115188075857089 0 2133 2 144115188075857088 10 4 0 31 2 144115188075857086 0 2133 2 144115188075857088 10 1261 1 720575940379279515 1262 1 0 47 1 360287970189639680 1263 2 0 360287970189639680 1911 1 792633534417207310 1910 1 720575940379279515 2048 0 5 0 31 2 144115188075857086 1 1261 1 720575940379279516 1262 1 0 47 1 360287970189639680 1263 2 0 360287970189639680 1911 1 792633534417207311 1910 1 720575940379279516 2048 0 5 0 31 2 144115188075857086 2 4 0 31 2 144115188075857087 0 1261 1 720575940379279519 1262 1 0 47 1 360287970189639680 1263 2 0 360287970189639680 1911 1 792633534417207313 1910 1 720575940379279519 2048 0 5 0 31 2 144115188075857087 1 1261 1 720575940379279520 1262 1 0 47 1 360287970189639680 1263 2 0 360287970189639680 1911 1 792633534417207314 1910 1 720575940379279520 2048 0 3 0 5 0 900 1 1513209474796486710 3 0 3 0 2
 mno_continue  0  Continue  1 900 1 1513209474796486710  .  mno_debug  0  Debug_menu  2 2133 2 144115188075856162 0 2060 1 864691128455135241  . 
menu_run_companion_dummy 512 debug_screen none 7 4 0 2147483679 2 144115188075857090 0 2133 2 1224979098644774912 144115188075857090 2133 2 144115188075857090 0 2051 1 1224979098644774912 5 0 3 0 2
 mno_continue  0  Continue  1 900 1 1513209474796486709  .  mno_debug  0  Debug_menu  2 2133 2 144115188075856162 0 2060 1 864691128455135241  . 
menu_visit_camp_dummy 512 debug_screen none 13 4 0 2147483679 2 144115188075857091 0 2133 2 1224979098644774912 144115188075857091 2133 2 144115188075857091 0 1261 1 1224979098644774912 1262 1 0 47 1 360287970189639680 1263 2 0 360287970189639680 1911 1 792633534417207315 1910 1 1224979098644774912 2048 0 5 0 3 0 2
 mno_continue  0  Continue  1 900 1 1513209474796486706  .  mno_debug  0  Debug_menu  2 2133 2 144115188075856162 0 2060 1 864691128455135241  . 
menu_go_briefing_dummy 512 debug_screen none 0 2
 mno_continue  0  Continue  1 900 1 1513209474796486707  .  mno_debug  0  Debug_menu  2 2133 2 144115188075856162 0 2060 1 864691128455135241  . 
menu_quit_dummy 512 debug_screen none 1 2055 0 2
 mno_continue  0  Continue  1 900 1 1513209474796486706  .  mno_debug  0  Debug_menu  2 2133 2 144115188075856162 0 2060 1 864691128455135241  . 
